SN z vsi vsi_err salt2c salt2c_err salt2_x1 salt2_x1_err t0 t0_err mB mB_err hostM hostM_err
2004dt 0.02 -15.93 0.22 -0.041 0.025 -0.3 0.03 53239.79 0.03 14.95 0.03 10.55 0.16
2004ef 0.031 -12.29 0.23 0.087 0.021 -1.4 0.02 53264.22 0.03 16.61 0.02 10.9 0.14
2004eo 0.015 -10.57 0.22 0.005 0.022 -1.22 0.02 53278.42 0.03 14.84 0.03 11.09 0.14
2004ey 0.016 -11.2 0.4 -0.131 0.02 0.08 0.02 53304.53 0.02 14.46 0.03 10.01 0.14
2004gc 0.032 -10.34 0.49 0.092 0.023 -0.64 0.04 53326.26 0.14 16.55 0.04 10.43 0.16
2004gs 0.028 -11.48 0.24 0.123 0.022 -1.88 0.03 53356.03 0.06 16.9 0.02 10.82 0.16
2004gu 0.046 -10.63 0.37 - - - - - - - - 10.36 0.18
2005A 0.018 -14.05 0.24 0.981 0.022 -0.42 0.03 53380.0 0.06 17.93 0.02 11.27 0.16
2005ag 0.079 -11.56 0.43 -0.045 0.023 0.27 0.05 53414.84 0.09 18.19 0.02 11.46 0.16
2005al 0.012 -10.74 0.25 -0.129 0.023 -1.31 0.02 53430.68 0.01 14.61 0.02 10.86 0.16
2005am 0.008 -12.16 0.23 0.007 0.023 -1.86 0.03 53436.18 0.1 13.4 0.02 11.17 0.36
2005be 0.035 -9.32 0.62 - - - - - - - - 10.53 0.2
2005bg 0.023 -10.79 0.36 -0.025 0.022 0.39 0.06 53469.84 0.12 15.6 0.02 10.24 0.16
2005bl 0.024 -9.93 0.24 - - - - - - - - 11.17 0.16
2005bo 0.014 -11.39 0.22 0.226 0.023 -1.11 0.12 53478.77 0.15 15.4 0.02 10.43 0.13
2005el 0.015 -10.8 0.22 -0.149 0.024 -1.27 0.04 53646.8 0.05 14.61 0.03 10.97 0.16
2005eq 0.029 -10.1 0.25 0.014 0.022 1.45 0.05 53654.77 0.1 16.05 0.03 10.8 0.2
2005hc 0.045 -11.66 0.23 -0.028 0.021 0.78 0.04 53667.65 0.05 17.05 0.02 10.65 0.18
2005hj 0.058 -10.54 0.23 0.002 0.023 1.59 0.1 53674.41 0.16 17.48 0.02 9.62 0.13
2005iq 0.033 -10.87 0.23 -0.095 0.022 -1.19 0.04 53687.77 0.04 16.51 0.02 10.62 0.22
2005ir 0.076 -13.41 0.24 0.002 0.023 0.67 0.12 53685.34 0.15 18.17 0.02 10.23 0.13
2005kc 0.014 -10.63 0.23 0.179 0.022 -0.76 0.04 53697.75 0.03 15.31 0.03 10.95 0.13
2005ke 0.005 -9.81 0.24 - - - - - - - - 10.82 0.15
2005ki 0.019 -11.28 0.25 -0.081 0.022 -1.48 0.03 53705.27 0.06 15.3 0.02 11.08 0.16
2005ku 0.045 -12.21 0.73 0.093 0.023 -0.19 0.14 53698.99 0.22 17.33 0.02 10.0 0.2
2005lu 0.032 -10.43 0.42 - - - - - - - - 10.35 0.26
2005M 0.022 -8.79 0.23 0.01 0.021 1.24 0.03 53406.25 0.03 15.68 0.02 10.28 0.13
2005mc 0.025 -11.28 0.24 0.194 0.025 -1.99 0.04 53730.74 0.07 16.74 0.03 10.95 0.14
2005na 0.027 -10.74 0.23 -0.085 0.021 -0.42 0.03 53740.69 0.06 15.7 0.02 11.05 0.12
2005W 0.009 -10.62 0.22 0.122 0.021 -0.43 0.05 53412.25 0.03 13.94 0.02 10.64 0.16
2006ax 0.017 -10.26 0.23 -0.098 0.02 0.16 0.02 53827.52 0.02 14.76 0.02 - -
2006bd 0.026 -11.21 0.43 0.784 0.05 -2.4 0.26 53825.86 0.07 18.93 0.06 11.06 0.16
2006bh 0.011 -15.48 0.22 -0.062 0.023 -1.67 0.04 53833.46 0.07 14.08 0.02 10.87 0.13
2006br 0.025 -14.17 0.49 0.851 0.031 -0.72 0.12 53851.48 0.48 18.73 0.05 10.95 0.12
2006D 0.009 -10.62 0.22 -0.012 0.023 -1.59 0.03 53757.59 0.05 13.87 0.02 10.03 0.16
2006ef 0.017 -12.15 0.3 -0.015 0.026 -1.52 0.07 53969.2 0.1 15.28 0.03 10.64 0.13
2006ej 0.019 -12.46 0.3 -0.016 0.026 -1.53 0.05 53976.09 0.2 15.46 0.03 10.91 0.15
2006eq 0.049 -11.74 0.63 0.09 0.028 -2.09 0.07 53974.21 0.01 17.95 0.03 10.4 0.21
2006et 0.022 -10.12 0.31 0.139 0.021 0.76 0.03 53994.23 0.04 15.72 0.02 11.01 0.14
2006ev 0.029 -10.7 0.23 0.097 0.024 -1.31 0.07 53989.48 0.25 16.81 0.03 10.98 0.17
2006fw 0.083 -10.82 0.42 0.018 0.025 -0.72 0.11 54003.66 0.14 18.68 0.02 10.05 0.14
2006gj 0.028 -11.34 0.25 - - - - - - - - 11.39 0.59
2006gt 0.045 -10.39 0.25 0.115 0.023 -2.12 0.07 54002.75 0.12 17.93 0.02 10.2 0.16
2006hx 0.045 -10.59 0.45 0.042 0.024 -0.14 0.07 54022.04 0.05 17.26 0.02 10.39 0.12
2006is 0.031 -14.12 0.31 -0.089 0.024 1.94 0.09 54007.95 0.2 15.89 0.03 - -
2006kf 0.021 -11.43 0.23 -0.049 0.026 -2.08 0.05 54041.26 0.07 15.69 0.05 10.97 0.12
2006lu 0.053 -16.59 0.29 - - - - - - - - 10.56 0.56
2006mr 0.006 -10.21 0.23 - - - - - - - - 11.35 0.16
2006ob 0.058 -8.98 0.68 -0.012 0.025 -2.16 0.1 54063.31 0.12 17.95 0.02 11.43 0.22
2006os 0.032 -11.91 0.66 0.314 0.023 -0.67 0.06 54064.75 0.15 17.38 0.03 11.3 0.31
2006ot 0.053 -13.9 0.91 - - - - - - - - 11.36 0.16
2006py 0.058 -11.4 0.27 0.016 0.023 0.21 0.2 54070.87 0.21 17.64 0.02 9.96 0.13
2006X 0.003 -13.9 0.22 - - - - - - - - 10.8 0.12
2007A 0.018 -10.56 0.22 0.148 0.022 0.59 0.1 54113.27 0.07 15.46 0.03 10.6 0.22
2007af 0.005 -10.99 0.22 -0.014 0.021 -0.57 0.03 54174.52 0.03 12.85 0.02 9.84 0.12
2007ai 0.032 -9.98 0.25 0.16 0.028 0.98 0.09 54173.58 0.17 16.8 0.06 11.08 0.16
2007al 0.012 -9.85 0.26 - - - - - - - - 9.62 0.16
2007as 0.018 -12.96 0.66 0.05 0.023 -1.0 0.04 54181.67 0.09 15.23 0.03 10.41 0.16
2007ax 0.007 -9.77 0.3 0.505 0.027 -2.0 0.06 54187.67 0.09 15.95 0.03 10.53 0.16
2007ba 0.038 -10.61 0.31 0.272 0.024 -2.26 0.06 54197.1 0.07 17.52 0.02 11.06 0.16
2007bc 0.022 -10.49 0.26 -0.002 0.022 -1.1 0.03 54200.35 0.07 15.58 0.02 10.83 0.14
2007bd 0.032 -12.49 0.23 -0.071 0.023 -1.08 0.04 54206.84 0.05 16.27 0.02 10.79 0.16
2007bm 0.007 -10.82 0.49 0.384 0.023 -0.94 0.04 54224.94 0.08 14.15 0.02 10.42 0.23
2007ca 0.015 -11.09 0.28 0.234 0.022 0.57 0.03 54227.71 0.04 15.63 0.02 9.75 0.27
2007cg 0.033 -11.65 0.3 - - - - - - - - 10.63 0.18
2007hj 0.014 -12.3 0.22 0.121 0.023 -2.06 0.04 54348.82 0.1 15.33 0.03 10.59 0.16
2007jd 0.073 -15.02 0.28 0.075 0.024 -0.89 0.07 54361.69 0.01 18.63 0.03 10.05 0.16
2007jg 0.037 -12.62 0.45 -0.004 0.022 -0.58 0.06 54366.63 0.08 17.01 0.03 9.1 0.16
2007jh 0.041 -10.68 0.32 - - - - - - - - 11.11 0.12
2007le 0.007 -13.31 0.23 0.25 0.021 0.25 0.03 54399.38 0.03 13.61 0.02 10.46 0.16
2007N 0.013 -10.41 0.22 0.844 0.041 -2.96 0.11 54120.36 0.08 17.61 0.05 10.33 0.16
2007nq 0.045 -12.11 0.36 -0.022 0.023 -1.9 0.05 54398.46 0.1 17.15 0.02 11.53 0.29
2007on 0.006 -11.24 0.22 0.007 0.04 -2.3 0.08 54419.81 0.09 12.8 0.03 10.91 0.16
2007S 0.014 -10.65 0.22 0.377 0.023 1.09 0.05 54144.69 0.05 15.55 0.02 9.93 0.13
2007sr 0.006 -13.59 0.22 0.053 0.022 -0.02 0.03 54449.58 0.09 12.48 0.02 10.45 0.42
2007ux 0.031 -10.74 0.39 - - - - - - - - 10.28 0.12
2008ar 0.026 -10.59 0.22 -0.029 0.022 -0.15 0.04 54534.83 0.04 15.95 0.02 10.38 0.13
2008bc 0.015 -11.55 0.23 -0.09 0.007 0.57 0.02 54550.05 0.03 14.47 0.04 10.14 0.16
2008bf 0.022 -11.59 0.24 -0.119 0.021 0.37 0.03 54555.11 0.03 15.42 0.02 11.28 0.16
2008bq 0.034 -10.79 0.31 0.045 0.022 0.36 0.04 54563.52 0.08 16.48 0.03 11.29 0.22
2008bz 0.06 -11.43 0.24 -0.102 0.023 -0.5 0.08 54579.36 0.16 17.69 0.02 10.88 0.19
2008C 0.017 -10.87 0.22 0.12 0.023 -0.74 0.07 54467.52 0.16 15.42 0.03 10.5 0.14
2008cd 0.007 -9.32 0.23 - - - - - - - - 10.65 0.16
2008cf 0.046 -10.27 0.33 -0.105 0.029 1.36 0.39 54595.09 0.69 16.77 0.03 - -
2008fp 0.006 -10.99 0.22 0.358 0.022 0.29 0.03 54730.76 0.01 13.61 0.04 10.22 0.16
2008fr 0.039 -10.96 0.22 -0.086 0.028 0.55 0.11 54732.62 0.32 16.56 0.03 8.7 0.23
2008gl 0.034 -11.99 0.57 0.002 0.022 -1.38 0.03 54768.21 0.06 16.55 0.02 11.12 0.12
2008gp 0.033 -9.79 0.22 -0.115 0.022 -0.14 0.03 54779.27 0.03 16.14 0.03 10.89 0.12
2008hj 0.038 -12.79 0.23 -0.044 0.022 0.19 0.04 54801.88 0.04 16.51 0.02 10.43 0.12
2008hu 0.05 -12.34 0.71 -0.017 0.024 -1.74 0.06 54806.29 0.13 17.6 0.03 11.42 0.16
2008hv 0.013 -10.93 0.23 -0.074 0.022 -1.22 0.03 54817.02 0.03 14.48 0.02 10.8 0.17
2008ia 0.022 -11.18 0.22 -0.064 0.025 -1.24 0.04 54812.97 0.07 15.64 0.04 11.0 0.16
2008R 0.013 -9.82 0.22 0.044 0.023 -2.3 0.05 54494.07 0.08 14.98 0.03 11.11 0.16
2009aa 0.027 -10.55 0.22 -0.047 0.021 -0.78 0.03 54878.44 0.03 16.04 0.02 - -
2009ab 0.011 -10.56 0.22 -0.011 0.024 -0.99 0.05 54883.38 0.04 14.44 0.04 10.62 0.16
2009ad 0.028 -10.39 0.22 -0.035 0.022 0.19 0.03 54886.61 0.03 15.91 0.03 10.79 0.2
2009ag 0.009 -10.26 0.29 0.087 0.024 -0.22 0.03 54889.65 0.06 14.26 0.05 10.59 0.16
2009D 0.025 -9.96 0.22 -0.061 0.021 0.65 0.03 54841.41 0.04 15.46 0.02 10.44 0.19
2009F 0.013 -13.98 0.22 0.415 0.02 -2.59 0.06 54842.2 0.06 16.69 0.03 10.76 0.16
2009Y 0.009 -9.85 0.22 0.079 0.027 0.38 0.05 54876.16 0.06 13.72 0.04 11.02 0.16
