,SN,z_helio,z_HD,z_HD_err,mu_ext,mu_ext_err,mu,mu_err,log_Mass,EBV_MW,T0,AV,AV_err,theta,theta_err
0,2004ef,0.03098,0.03007,0.0005,35.501509999999996,0.05106,35.52088,0.09152,10.74,0.0458,53264.9,0.31914000000000003,0.04545,1.00712,0.11335
1,2004eo,0.015619999999999998,0.01521,0.0005,33.996809999999996,0.10095,33.81682,0.09208999999999999,11.16,0.09300000000000001,53278.9,0.205,0.038110000000000005,1.53231,0.08797
2,2004ey,0.01584,0.0154,0.0005,34.02409,0.09971000000000001,34.10958,0.09432,10.06,0.1197,53304.81,0.0759,0.03348,-1.00266,0.08635
3,2004gs,0.0274,0.02865,0.0005,35.39413,0.05359,35.382259999999995,0.09341,10.63,0.0257,53356.75,0.5794600000000001,0.04771,1.7687599999999999,0.19285
4,2005M,0.02462,0.024319999999999998,0.0005,35.03117,0.06314,35.1225,0.09498999999999999,8.8,0.0273,53405.94,0.13368,0.03828,-1.44095,0.10928
5,2005al,0.0124,0.0124,0.0005,33.54855,0.12383,34.0617,0.09387000000000001,10.49,0.0483,53431.04,0.02215,0.01888,0.73117,0.15294000000000002
6,2005am,0.0079,0.00914,0.0005,32.88067,0.16799,32.4153,0.09604,10.83,0.0433,53437.43,0.18111,0.050230000000000004,1.80767,0.17384000000000002
7,2005bo,0.0139,0.01439,0.0005,33.8751,0.1067,33.63408,0.10452,10.5,0.0396,53479.58,0.95683,0.06496,0.42403,0.21148000000000003
8,2005el,0.01491,0.01526,0.0005,34.00403,0.10062,33.992979999999996,0.09062,10.84,0.0976,53647.42,0.03627,0.026010000000000002,1.12055,0.15679
9,2005eq,0.02891,0.028360000000000003,0.0005,35.371559999999995,0.05414,35.44885,0.09627999999999999,10.56,0.0629,53654.85,0.15757000000000002,0.04178,-1.3320299999999998,0.14797000000000002
10,2005hc,0.045939999999999995,0.046919999999999996,0.0005,36.49498,0.03273,36.48778,0.09585,10.6,0.027999999999999997,53667.14,0.12305999999999999,0.047689999999999996,-1.0589600000000001,0.14772000000000002
11,2005iq,0.03404,0.03355,0.0005,35.74501,0.04577,35.87722,0.09683,10.54,0.0185,53688.14,0.11631,0.0452,0.48891,0.18308
12,2005kc,0.015090000000000001,0.014490000000000001,0.0005,33.8903,0.10597000000000001,33.76538,0.08866,11.06,0.1137,53698.31,0.9362299999999999,0.04439,-0.61327,0.18566
13,2005ki,0.019459999999999998,0.02028,0.0005,34.62999,0.07571,34.62133,0.09222999999999999,10.8,0.0267,53706.01,0.06343,0.0344,1.1645299999999998,0.16667
14,2005ku,0.04541,0.04634,0.0005,36.467040000000004,0.03313,36.39788,0.10879000000000001,10.04,0.0461,53698.89,0.34784,0.07372000000000001,-0.58825,0.20913
15,2005lu,0.032010000000000004,0.03174,0.0005,35.62162,0.04838,35.71247,0.11275999999999999,9.86,0.0218,53712.08,0.74284,0.06736,-1.4259,0.21073000000000003
16,2005na,0.02632,0.02723,0.0005,35.2814,0.056389999999999996,35.14606,0.09529,10.97,0.0681,53740.47,0.16516,0.05413,-0.54891,0.19412000000000001
17,2006D,0.00853,0.00898,0.0005,32.84205,0.17099,32.83742,0.09555,9.76,0.0394,53757.84,0.36422,0.04092,0.96957,0.17815
18,2006X,0.00524,0.00365,0.0005,30.87807,0.42067,30.8126,0.8807299999999999,9.33,0.0228,53786.79,2.62093,0.74983,-0.30817,0.56161
19,2006ax,0.01672,0.01797,0.0005,34.36353,0.08545,34.32213,0.09122999999999999,10.92,0.040999999999999995,53827.78,0.08263999999999999,0.03787,-0.7750199999999999,0.1248
20,2006bh,0.01085,0.01075,0.0005,33.2357,0.14282999999999998,33.32823,0.09176000000000001,10.43,0.0228,53834.14,0.12684,0.03671,1.16927,0.16546
21,2006ej,0.020380000000000002,0.02052,0.0005,34.65593,0.07483,34.67051,0.10342,10.63,0.0296,53977.24,0.1643,0.0581,1.12366,0.18215
22,2006et,0.02264,0.022680000000000002,0.0005,34.87685,0.0677,34.674209999999995,0.09773,10.8,0.0165,53994.34,0.49801000000000006,0.039310000000000005,-1.27274,0.13874
23,2006gj,0.02829,0.02822,0.0005,35.36058,0.05441,35.267509999999994,0.10057999999999999,10.53,0.0705,54001.01,1.01889,0.049510000000000005,2.3326599999999997,0.19061
24,2006hb,0.015340000000000001,0.01385,0.0005,33.791129999999995,0.11085999999999999,33.93804,0.09593,10.22,0.0236,54002.75,0.40813,0.04439,1.96871,0.17565
25,2006hx,0.045489999999999996,0.04483,0.0005,36.39268,0.03425,36.15535,0.09402999999999999,10.31,0.0256,54022.33,0.53384,0.058870000000000006,-0.45052,0.17649
26,2006is,0.031,0.03295,0.0005,35.704840000000004,0.0466,35.528529999999996,0.09445,7.1,0.028999999999999998,54007.14,0.00942,0.00914,-1.51744,0.14143
27,2006kf,0.020040000000000002,0.01942,0.0005,34.534459999999996,0.07907,34.705859999999994,0.08851,10.82,0.2097,54041.86,0.18666,0.04147,2.11423,0.1648
28,2006lu,0.0534,0.0546,0.0005,36.8364,0.02812,36.776759999999996,0.10252,10.29,0.0986,54035.42,0.047619999999999996,0.04057,-0.5242,0.15475
29,2006ob,0.059160000000000004,0.059489999999999994,0.0005,37.030390000000004,0.025810000000000003,36.934909999999995,0.10199,11.26,0.0285,54063.87,0.24485,0.057229999999999996,1.941,0.22121
30,2006os,0.03281,0.03511,0.0005,35.84624,0.04373,35.49928,0.09147000000000001,10.81,0.1254,54064.65,1.0420200000000002,0.0519,-0.26378,0.20686999999999997
31,2007S,0.013859999999999999,0.01256,0.0005,33.57666,0.12225,33.67548,0.09481,9.98,0.0224,54144.46,1.0806,0.03776,-1.36153,0.1587
32,2007af,0.0054600000000000004,0.00556,0.00018,31.786,0.046,31.93702,0.0934,9.52,0.0338,54174.97,0.48073,0.03606,-0.5532199999999999,0.15379
33,2007ai,0.03166,0.03274,0.0005,35.69061,0.0469,35.52737,0.0997,9.91,0.28600000000000003,54174.03,0.6842199999999999,0.0529,-1.22299,0.17925
34,2007as,0.01757,0.018359999999999998,0.0005,34.41081,0.08363,34.418929999999996,0.09698999999999999,10.36,0.1229,54181.15,0.26258000000000004,0.04362,-0.14570999999999998,0.18227000000000002
35,2007bc,0.02075,0.02112,0.0005,34.71951,0.0727,34.73441,0.09452,10.73,0.0186,54200.82,0.27208000000000004,0.043160000000000004,0.32111999999999996,0.19763
36,2007bd,0.03044,0.03108,0.0005,35.5749,0.0494,35.59993,0.09531,10.82,0.0289,54207.43,0.1478,0.04616,0.43367,0.17398
37,2007bm,0.00624,0.00658,0.000314,32.162729999999996,0.19485,32.05146,0.08877,10.27,0.0354,54224.82,1.14924,0.04463,0.01114,0.16679000000000002
38,2007ca,0.01407,0.014469999999999998,0.0005,33.88727,0.10611,34.03614,0.09176000000000001,9.69,0.057,54228.2,0.9677100000000001,0.04258,-1.1892200000000002,0.13325
39,2007hj,0.01411,0.01515,0.0005,33.98813,0.10135,33.70896,0.08988,10.45,0.0747,54350.21,0.6119,0.043989999999999994,2.3410599999999997,0.17281
40,2007hx,0.07944,0.07994,0.0005,37.70374,0.019209999999999998,37.46992,0.10847000000000001,10.55,0.0299,54353.15,0.71003,0.07211000000000001,0.026869999999999998,0.14674
41,2007jd,0.07267,0.07252,0.0005,37.4808,0.021169999999999998,37.46414,0.10305,10.13,0.066,54362.43,0.39618000000000003,0.06763,0.9904700000000001,0.17411
42,2007jg,0.03707,0.03796,0.0005,36.02036,0.04045,36.13494,0.09762,8.1,0.0904,54366.64,0.33497,0.05215,-0.14272,0.18798
43,2007le,0.00673,0.00647,0.0005,32.12593,0.23731999999999998,32.210440000000006,0.09272999999999999,9.85,0.0287,54399.85,0.85385,0.03637,-1.53397,0.1058
44,2007nq,0.04503,0.04471,0.0005,36.38666,0.034339999999999996,36.176590000000004,0.10117000000000001,11.21,0.0312,54399.35,0.19684000000000001,0.052829999999999995,1.8117299999999998,0.17471
45,2007on,0.006490000000000001,0.00499,0.000454,31.559390000000004,0.29389,31.532890000000002,0.09216,11.04,0.0098,54420.46,0.28586999999999996,0.036410000000000005,2.7989,0.09272999999999999
46,2007st,0.02118,0.02111,0.0005,34.71847,0.07274,34.41973,0.10478,10.95,0.0143,54455.09,0.37837,0.04792,1.01052,0.18362
47,2007ux,0.0307,0.03222,0.0005,35.654990000000005,0.04766,35.571529999999996,0.10114,10.3,0.0386,54467.25,0.58217,0.050789999999999995,2.30553,0.18969
48,2008C,0.01662,0.01755,0.0005,34.31147,0.08749,34.36427,0.09594,10.49,0.07200000000000001,54466.6,0.50043,0.05047,-0.8972100000000001,0.19542
49,2008O,0.038860000000000006,0.03905,0.0005,36.0836,0.03932,35.95177,0.09926,11.33,0.0763,54491.91,0.84486,0.054060000000000004,1.9849,0.19197999999999998
50,2008R,0.0135,0.01541,0.0005,34.02552,0.09963999999999999,33.6702,0.09832,11.25,0.0618,54495.1,0.42908,0.04439,2.32154,0.16875
51,2008ar,0.02617,0.02895,0.0005,35.41724,0.05304,35.29802,0.09316,10.21,0.0311,54535.22,0.21900999999999998,0.04885,-0.63517,0.17335
52,2008bc,0.015090000000000001,0.0156,0.0005,34.05245,0.09842999999999999,34.13028,0.09387000000000001,10.1,0.2251,54550.41,0.0218,0.01784,-0.97839,0.09484
53,2008bq,0.034010000000000006,0.0354,0.0005,35.86458,0.04337,35.691179999999996,0.09244,10.82,0.0774,54562.3,0.28339000000000003,0.04935,-1.0875299999999999,0.15464
54,2008bz,0.06015,0.060110000000000004,0.0005,37.05388,0.02554,37.18492,0.10268,10.5,0.0226,54578.69,0.06154,0.04867,-0.10232000000000001,0.16507
55,2008cc,0.01039,0.00944,0.0005,32.95131,0.16265,32.936690000000006,0.09741,10.48,0.0355,54579.0,0.35516,0.04879,2.0283,0.18863
56,2008cf,0.046,0.04476,0.0005,36.38917,0.0343,36.46646,0.08946,8.73,0.0577,54594.2,0.01183,0.01105,-1.44211,0.13146
57,2008fl,0.019880000000000002,0.01995,0.0005,34.59381,0.07697000000000001,34.48511,0.09565,10.94,0.1569,54721.85,0.31592,0.04948,0.47673999999999994,0.17993
58,2008fp,0.00566,0.006520000000000001,0.0005,32.14273,0.2355,31.735940000000003,0.09807,10.2,0.1686,54731.52,1.33979,0.036430000000000004,-2.0943,0.11605
59,2008fr,0.039,0.03837,0.0005,36.04435,0.04002,36.09787,0.09696,7.73,0.0395,54733.93,0.04802,0.03323,-0.67785,0.16452999999999998
60,2008fu,0.052020000000000004,0.05264,0.0005,36.7539,0.029169999999999998,36.72038,0.0916,10.72,0.018000000000000002,54733.96,0.043989999999999994,0.03129,1.4660600000000001,0.18895
61,2008fw,0.00855,0.00863,0.0005,32.75513,0.17792,33.04661,0.09846,10.49,0.1123,54732.29,0.26805,0.04822,-1.33823,0.1617
62,2008gg,0.03202,0.03112,0.0005,35.57776,0.049339999999999995,35.67014,0.10055,10.73,0.0195,54750.93,0.19153,0.0495,-1.1637600000000001,0.16555999999999998
63,2008gl,0.03402,0.0332,0.0005,35.72166,0.04625,35.79448,0.09829,10.86,0.0244,54768.7,0.09577000000000001,0.042460000000000005,0.89902,0.17486
64,2008go,0.062270000000000006,0.06324,0.0005,37.16902,0.02428,37.01398,0.10640999999999999,10.94,0.032,54766.72,0.17815999999999999,0.07555,0.30138000000000004,0.2403
65,2008gp,0.033030000000000004,0.033460000000000004,0.0005,35.73903,0.04589,35.711529999999996,0.09445,10.73,0.1042,54779.62,0.05634,0.035210000000000005,-0.5223300000000001,0.13905
66,2008hj,0.03789,0.037160000000000006,0.0005,35.972809999999996,0.041319999999999996,36.01697,0.09705,10.4,0.0303,54802.25,0.08965,0.04373,-0.74023,0.14837999999999998
67,2008hu,0.0497,0.05148,0.0005,36.70367,0.029830000000000002,36.69937,0.10188,10.99,0.0921,54806.95,0.15844,0.05112,1.52165,0.17555
68,2008hv,0.01259,0.01396,0.0005,33.8085,0.10999,33.85783,0.095,10.55,0.0279,54817.65,0.03696,0.0252,0.8941399999999999,0.13701
69,2008ia,0.02194,0.02253,0.0005,34.862190000000005,0.06815,34.832840000000004,0.09647,10.77,0.1954,54813.67,0.16535999999999998,0.049339999999999995,1.09743,0.18222
70,2009D,0.02501,0.02427,0.0005,35.02662,0.06327,35.024770000000004,0.09852000000000001,10.43,0.0441,54841.65,0.20589000000000002,0.038,-1.7224700000000002,0.11044000000000001
71,2009I,0.02617,0.027639999999999998,0.0005,35.31453,0.05555,34.85764,0.09945,10.74,0.0272,54852.72,2.10177,0.06536,-1.49318,0.33524
72,2009P,0.0251,0.02512,0.0005,35.102779999999996,0.06113,35.17707,0.09813,9.87,0.0415,54868.38,0.85693,0.05906,-1.51108,0.19924
73,2009Y,0.00932,0.00943,0.0005,32.94899,0.16283,33.002759999999995,0.09072000000000001,10.76,0.0874,54877.1,0.26169000000000003,0.035460000000000005,-1.3934,0.11155
74,2009aa,0.02731,0.02868,0.0005,35.39645,0.05354,35.26064,0.0953,10.6,0.0295,54878.81,0.26427,0.04255,0.03442,0.2014
75,2009ab,0.011170000000000001,0.01031,0.0005,33.14421,0.14893,33.4597,0.10191,10.35,0.1838,54883.89,0.36171,0.04818,0.44304,0.22264
76,2009ad,0.0284,0.028689999999999997,0.0005,35.397220000000004,0.053520000000000005,35.32757,0.09959,10.58,0.0953,54886.91,0.13091,0.04077,-0.58594,0.1505
77,2009ag,0.00864,0.010190000000000001,0.0005,33.11858,0.15068,33.08677,0.09022999999999999,10.2,0.218,54890.24,0.7027399999999999,0.037880000000000004,-0.83654,0.15962
78,2009al,0.022109999999999998,0.02337,0.0005,34.94308,0.0657,34.783,0.09489,10.72,0.0212,54897.2,0.48516000000000004,0.04425,-0.09108,0.18298
79,2009cz,0.021159999999999998,0.021840000000000002,0.0005,34.7935,0.07031,34.79145,0.09431,10.75,0.0221,54943.5,0.21615,0.04811,-1.12743,0.18145999999999998
80,2009ds,0.01923,0.02001,0.0005,34.600429999999996,0.07672999999999999,34.60344,0.09808,10.77,0.0332,54961.19,0.17167000000000002,0.05001,-1.3289,0.14057999999999998
81,2009le,0.01779,0.016640000000000002,0.0005,34.19433,0.09228,34.23538,0.11174,10.84,0.0143,55165.88,0.32387,0.08225,-0.99964,0.2425
