SN z vsi vsi_err salt2c salt2c_err salt2_x1 salt2_x1_err t0 t0_err mB mB_err mures mures_err hostM hostM_err
2016afk 0.046 -12.62 0.25 0.035 0.035 -0.27 0.2 57440.77 0.25 17.48 0.04 0.12 0.15 9.77 0.16
2016coj 0.005 -11.95 0.22 -0.011 0.032 -1.51 0.07 57548.16 0.09 12.84 0.04 - - 10.83 0.16
2016cor 0.05 -9.63 0.23 0.144 0.034 -0.57 0.28 57541.73 0.24 18.1 0.04 0.2 0.15 10.29 0.16
2016cvv 0.045 -12.26 0.57 0.067 0.038 1.37 0.29 57558.34 0.62 17.21 0.05 -0.0 0.17 11.1 0.16
2016esh 0.045 -10.45 0.22 -0.097 0.038 -1.32 0.25 57613.29 0.2 16.83 0.04 -0.25 0.16 9.94 0.16
2016glp 0.085 -16.77 0.24 0.133 0.041 0.96 0.35 57658.74 0.22 18.86 0.06 0.0 0.15 10.9 0.16
2016gmg 0.049 -10.93 0.23 -0.046 0.041 -1.76 0.26 57662.14 0.22 17.52 0.05 0.03 0.16 11.4 0.16
2016gsu 0.076 -10.04 0.23 -0.114 0.045 -1.88 0.54 57671.15 0.47 18.3 0.04 0.13 0.18 10.37 0.16
2016hhv 0.062 -11.42 0.24 -0.175 0.056 -0.76 0.45 57691.77 1.83 17.6 0.11 0.03 0.18 11.5 0.16
2016htn 0.053 -10.32 0.23 0.08 0.035 -0.18 0.32 57701.31 0.26 17.78 0.04 -0.02 0.16 10.74 0.16
2016ixf 0.066 -10.84 0.22 -0.107 0.039 0.76 0.33 57742.63 0.71 17.79 0.05 0.19 0.17 7.87 0.16
2017cfc 0.024 -10.04 0.24 -0.008 0.03 -0.9 0.08 57837.52 0.1 15.89 0.03 -0.01 0.17 10.65 0.16
2017cii 0.033 -10.16 0.22 -0.103 0.033 0.34 0.14 57837.44 0.54 16.28 0.04 0.09 0.16 9.78 0.16
2017ciy 0.038 -9.59 0.23 -0.012 0.035 1.2 0.19 57838.64 0.55 17.09 0.04 0.39 0.16 10.21 0.16
2017cjv 0.06 -11.07 0.23 -0.102 0.037 -1.27 0.29 57839.93 0.54 17.69 0.04 0.02 0.17 10.81 0.16
2017ckx 0.027 -9.86 0.23 -0.027 0.038 2.1 0.59 57846.02 1.01 16.02 0.04 0.28 0.21 10.47 0.16
2017cpu 0.054 -11.45 0.23 -0.053 0.035 0.74 0.31 57847.69 0.56 17.11 0.04 -0.25 0.16 10.67 0.16
2017hn 0.024 -11.01 0.22 -0.014 0.033 0.56 0.18 57768.25 0.32 15.64 0.04 -0.04 0.17 10.65 0.16
2017mf 0.026 -10.59 0.22 -0.043 0.031 -0.03 0.11 57779.0 0.23 15.99 0.03 0.17 0.17 10.8 0.16
2017oz 0.056 -13.72 0.22 -0.022 0.035 -0.1 0.28 57788.03 0.27 17.51 0.04 -0.08 0.16 10.04 0.16
2017po 0.032 -12.72 0.23 -0.069 0.032 0.22 0.22 57784.33 0.6 16.13 0.04 -0.07 0.16 9.39 0.16
2017yk 0.046 -10.45 0.26 - - - - - - - - - - 10.62 0.16
2017zd 0.029 -10.64 0.25 -0.043 0.031 0.24 0.09 57793.1 0.1 15.89 0.04 -0.21 0.16 10.11 0.16
ASASSN-15fa 0.027 -10.24 0.22 - - - - - - - - - - 10.86 0.16
ASASSN-15go 0.019 -13.08 0.22 0.235 0.045 2.8 0.67 57122.39 0.05 15.86 0.05 - - - -
ASASSN-15il 0.023 -10.83 0.22 -0.118 0.032 1.3 0.1 57161.31 0.16 15.16 0.05 -0.09 0.17 10.13 0.16
ASASSN-15mg 0.043 -10.65 0.23 -0.032 0.035 -1.55 0.15 57218.11 0.13 17.22 0.04 0.03 0.16 10.13 0.16
ASASSN-15np 0.038 -9.29 0.26 0.059 0.034 -1.07 0.21 57241.66 0.53 17.05 0.04 -0.15 0.16 10.46 0.16
ASASSN-15nr 0.023 -10.59 0.23 0.041 0.033 1.25 0.16 57250.08 0.12 15.57 0.04 -0.12 0.17 10.27 0.16
ASASSN-15od 0.018 -11.93 0.23 -0.086 0.033 -1.2 0.12 57256.58 0.25 15.04 0.04 0.02 0.19 9.72 0.16
ASASSN-15pn 0.038 -10.94 0.24 0.011 0.033 0.42 0.16 57280.42 0.23 16.94 0.04 0.03 0.16 9.48 0.16
ASASSN-15pr 0.033 -11.61 0.24 -0.048 0.042 -0.7 0.24 57282.95 0.94 16.64 0.06 0.18 0.17 9.88 0.16
ASASSN-15sf 0.025 -9.87 0.22 -0.069 0.031 0.79 0.1 57333.39 0.13 15.68 0.03 0.12 0.17 9.37 0.16
ASASSN-15ss 0.036 -10.61 0.22 -0.111 0.038 0.79 0.23 57338.15 0.79 16.32 0.06 -0.03 0.16 10.84 0.16
ASASSN-15tg 0.036 -11.5 0.26 -0.041 0.033 1.72 0.2 57361.08 0.39 16.25 0.03 -0.19 0.16 10.29 0.16
ASASSN-15uu 0.027 -10.7 0.26 - - - - - - - - - - 9.74 0.16
ASASSN-15uv 0.02 -12.35 0.22 0.267 0.03 0.3 0.1 57392.46 0.14 16.32 0.04 0.13 0.18 - -
ASASSN-15uw 0.031 -12.33 0.22 0.008 0.031 -0.46 0.1 57392.99 0.13 16.57 0.03 0.14 0.16 10.42 0.16
ASASSN-16ad 0.016 -12.35 0.22 - - - - - - - - - - 9.46 0.16
ASASSN-16aj 0.031 -11.62 0.22 -0.018 0.033 -1.76 0.14 57401.97 0.37 16.41 0.04 -0.1 0.16 10.82 0.16
ASASSN-16ay 0.028 -11.16 0.25 0.209 0.033 1.04 0.14 57416.48 0.45 16.76 0.04 0.09 0.17 10.18 0.16
ASASSN-16bq 0.025 -12.58 0.25 -0.052 0.032 -1.69 0.06 57437.87 0.18 16.04 0.04 0.09 0.17 10.84 0.16
ASASSN-16ch 0.027 -11.04 0.28 0.308 0.032 -0.41 0.07 57454.84 0.14 17.13 0.04 - - 10.01 0.16
ASASSN-16ct 0.042 -9.82 0.24 -0.008 0.032 1.54 0.17 57459.81 0.44 16.8 0.04 -0.11 0.16 9.32 0.16
ASASSN-16dw 0.035 -10.65 0.22 0.072 0.032 -0.11 0.12 57482.49 0.27 16.71 0.04 -0.23 0.16 10.28 0.16
ASASSN-16fo 0.029 -15.07 0.22 -0.113 0.03 0.54 0.14 57540.13 0.29 15.83 0.03 0.0 0.16 10.23 0.16
ASASSN-16fs 0.029 -12.23 0.22 -0.024 0.034 -1.42 0.12 57542.5 0.3 16.14 0.04 -0.2 0.17 10.97 0.16
ASASSN-16hr 0.031 -16.83 0.94 - - - - - - - - - - 10.04 0.16
ASASSN-16jf 0.011 -10.83 0.24 -0.03 0.043 -2.26 0.18 57630.05 0.22 14.56 0.05 0.19 0.25 - -
ASASSN-16la 0.015 -9.93 0.22 -0.102 0.032 0.84 0.09 57671.75 0.09 14.24 0.05 -0.14 0.2 9.14 0.16
ASASSN-16lg 0.021 -10.3 0.23 -0.039 0.034 -1.32 0.15 57674.57 0.17 15.21 0.04 -0.37 0.18 10.57 0.16
ASASSN-17aj 0.021 -10.36 0.22 0.001 0.03 0.19 0.1 57773.09 0.1 15.53 0.03 0.01 0.17 10.48 0.16
ASASSN-17at 0.025 -11.76 0.22 -0.015 0.033 -1.55 0.21 57777.02 0.04 16.16 0.04 0.08 0.17 10.31 0.16
ASASSN-17eb 0.049 -10.9 0.22 0.051 0.036 -1.52 0.18 57836.89 0.5 17.52 0.05 -0.21 0.16 11.07 0.16
ATLAS16agv 0.048 -10.1 0.23 -0.088 0.032 1.37 0.18 57469.94 0.31 16.84 0.03 -0.09 0.15 5.0 0.16
ATLAS16bwu 0.072 -9.47 0.25 0.044 0.037 0.08 0.28 57609.32 0.47 18.22 0.04 -0.03 0.16 10.01 0.16
ATLAS17ajn 0.029 -10.31 0.22 -0.099 0.038 -2.02 0.11 57776.45 0.44 16.27 0.06 0.1 0.17 10.62 0.16
ATLAS17axb 0.032 -11.53 0.22 -0.081 0.033 -0.16 0.12 57796.67 0.18 16.1 0.04 -0.1 0.16 9.84 0.16
CSS160129 0.068 -11.87 0.22 -0.149 0.035 0.6 0.17 57416.44 0.6 17.52 0.04 -0.06 0.16 8.16 0.16
Gaia16bba 0.03 -10.06 0.22 - - - - - - - - - - 8.18 0.16
PS15ahs 0.026 -9.61 0.22 -0.072 0.03 0.18 0.07 57156.71 0.08 15.73 0.03 0.03 0.17 9.82 0.16
PS15aii 0.047 -10.48 0.23 -0.051 0.031 0.44 0.12 57158.9 0.13 17.12 0.03 0.05 0.15 10.9 0.16
PS15bwh 0.073 -11.32 0.26 -0.075 0.036 0.7 0.19 57279.02 0.13 17.67 0.04 -0.22 0.16 5.0 0.16
PS15bzz 0.08 -11.08 0.24 -0.018 0.031 -1.0 0.25 57284.45 0.61 18.34 0.04 -0.09 0.15 9.59 0.16
PS15coh 0.019 -10.78 0.22 - - - - - - - - - - 8.63 0.16
PS15cze 0.039 -11.45 0.23 0.031 0.037 -1.53 0.23 57364.32 0.16 17.57 0.05 0.3 0.16 10.81 0.16
PS16bby 0.053 -10.54 0.22 0.004 0.037 -0.86 0.25 57466.9 0.21 17.68 0.05 0.01 0.16 9.93 0.16
PS16bnz 0.063 -12.82 0.35 -0.128 0.034 -1.12 0.21 57487.48 0.15 17.67 0.04 -0.04 0.16 11.66 0.16
PS16cqa 0.044 -10.91 0.25 0.174 0.056 -2.77 0.36 57545.26 0.81 18.23 0.08 - - - -
PS16cvc 0.03 -11.32 0.22 - - - - - - - - - - 9.76 0.16
PS16dnp 0.051 -8.82 0.25 -0.081 0.034 0.96 0.24 57597.83 0.34 17.28 0.04 0.15 0.16 8.39 0.16
PS16em 0.07 -10.61 0.23 0.206 0.087 -1.01 0.19 57386.5 1.06 18.8 0.13 - - 10.62 0.16
PS16evk 0.054 -9.77 0.28 -0.02 0.039 1.45 0.32 57694.72 0.73 17.39 0.05 0.02 0.17 10.25 0.16
PS16fa 0.046 -10.17 0.23 -0.004 0.031 -0.64 0.09 57400.33 0.18 17.42 0.03 0.1 0.15 10.76 0.16
PS16fbb 0.052 -10.07 0.22 -0.119 0.035 0.7 0.23 57719.61 0.21 17.26 0.04 0.14 0.16 9.38 0.16
PS16n 0.053 -10.14 0.23 -0.055 0.039 -0.31 0.18 57392.52 0.17 17.41 0.05 -0.0 0.16 10.33 0.16
PS17bii 0.073 -10.59 0.24 -0.093 0.043 -0.95 0.37 57811.77 0.36 18.08 0.05 0.0 0.17 10.69 0.16
PSNJ0153424 0.026 -10.51 0.22 0.072 0.031 -0.58 0.07 57393.66 0.09 16.21 0.04 -0.03 0.17 10.66 0.16
PTSS-16efw 0.036 -10.4 0.28 -0.118 0.037 -0.09 0.15 57509.43 0.7 16.71 0.07 0.26 0.16 10.74 0.16
