,SN,z_helio,z_helio_err,z_HD,z_HD_err,mu_ext,mu_ext_err,mu,mu_err,log_Mass,EBV_MW,T0,T0_err,AV,AV_err,theta,theta_err
0,2016afk,0.045610000000000005,1e-05,0.04686,1e-05,36.4921,0.02317,36.59705,0.12095999999999998,9.982000000000001,0.049836,57439.85,0.49,0.24261999999999997,0.06535,-0.08127000000000001,0.21765
1,2016W,0.01925,7e-05,0.020130000000000002,7e-05,34.613609999999994,0.05446,34.47912,0.10918,11.388,0.059888199999999996,57417.95,0.2,0.22178,0.06023,1.28273,0.13634000000000002
2,ASASSN-15bc,0.036719999999999996,0.0001,0.03801,0.0001,36.0233,0.02913,36.02041,0.1129,10.187000000000001,0.0374655,57047.21,0.33,0.25037,0.05533,-0.55129,0.17123
3,ASASSN-15fa,0.02735,1e-05,0.027260000000000003,1e-05,35.283840000000005,0.03984,35.23506,0.10955999999999999,11.267999999999999,0.0235997,57104.32,0.2,0.30827,0.059320000000000005,0.84735,0.17827
4,ASASSN-15fs,0.029019999999999997,5e-05,0.02925,5e-05,35.44012,0.0373,35.30712,0.11329000000000002,10.379000000000001,0.0774664,57112.82,0.35,0.14007999999999998,0.053360000000000005,-0.45663000000000004,0.15045999999999998
5,ASASSN-15go,0.01892,0.00015,0.01879,0.00015,34.46179,0.060329999999999995,34.63172,0.12593,10.072000000000001,0.13748,57122.08,1.12,0.64718,0.08993,-1.7433299999999998,0.54803
6,ASASSN-15hg,0.02992,1e-05,0.03112,1e-05,35.57776,0.0349,35.74272,0.11861,10.507,0.0420214,57132.39,0.4,0.08738,0.05167000000000001,1.4654,0.17352
7,ASASSN-15il,0.02332,0.00015,0.02289,0.00015,34.89721,0.04952,34.76313,0.10804000000000001,10.134,0.14965,57162.12,0.33,0.04803,0.034589999999999996,-0.83283,0.14812999999999998
8,ASASSN-15jl,0.03468,1e-05,0.0352,1e-05,35.85195,0.03085,35.89543,0.11560999999999999,9.101,0.0137576,57165.79,0.27,0.09569,0.0529,-0.6808,0.16351
9,ASASSN-15jt,0.02306,1e-05,0.02178,1e-05,34.78743,0.04986,35.0867,0.11762,10.162,0.00965878,57168.64,0.19,0.37101999999999996,0.06447,2.84808,0.1701
10,ASASSN-15kx,0.018019999999999998,8e-05,0.01715,8e-05,34.260740000000006,0.06411,34.54222,0.11175999999999998,10.187000000000001,0.14107999999999998,57192.25,0.18,0.08199,0.04651,1.54267,0.15219000000000002
11,ASASSN-15la,0.027819999999999998,1e-05,0.028239999999999998,1e-05,35.36215,0.03845,35.36622,0.1184,11.049000000000001,0.01626,57188.54,0.49,0.08492000000000001,0.05247,-0.15491,0.21818
12,ASASSN-15lg,0.02015,1e-05,0.02018,1e-05,34.61908,0.053810000000000004,34.5527,0.11172,9.836,0.026513099999999998,57196.72,0.16,0.08425,0.04881,1.51508,0.16075
13,ASASSN-15lu,0.03505,1e-05,0.036430000000000004,1e-05,35.928540000000005,0.029810000000000003,36.108509999999995,0.11029000000000001,10.227,0.013812799999999998,57200.92,0.26,0.04004,0.031939999999999996,0.7566,0.18999000000000002
14,ASASSN-15mf,0.026039999999999997,1e-05,0.02652,1e-05,35.22286,0.04095,35.2693,0.11057,10.547,0.0317787,57213.16,0.28,0.0453,0.03567,0.92494,0.18839
15,ASASSN-15mg,0.04278,1e-05,0.0446,1e-05,36.38114,0.02435,36.34158,0.11893,10.134,0.0278557,57218.49,0.31,0.20190999999999998,0.06252,0.9953200000000001,0.19243
16,ASASSN-15mi,0.03442,0.0,0.03595,0.0,35.89895,0.0302,35.54567,0.11642999999999999,9.755,0.018092,57220.84,0.24,0.151,0.05897,-0.43418999999999996,0.15741
17,ASASSN-15np,0.03768,5e-05,0.038860000000000006,5e-05,36.0727,0.02808,36.07736,0.12522,10.122,0.026422,57241.74,1.12,0.22029,0.07818,0.76739,0.26
18,ASASSN-15nq,0.03036,1e-05,0.02995,1e-05,35.49263,0.03626,35.51559,0.11306,10.873,0.0398663,57247.95,0.28,0.07031,0.04411,0.07874,0.17018
19,ASASSN-15nr,0.023209999999999998,0.00018,0.02343,0.00018,34.94874,0.04925,34.84643,0.11406,10.44,0.11158,57249.75,0.3,0.22783,0.06287000000000001,-0.9493299999999999,0.1702
20,ASASSN-15od,0.0176,1e-05,0.01726,1e-05,34.274809999999995,0.06292,34.37557,0.10910999999999998,9.899,0.025505200000000002,57256.88,0.38,0.06397,0.04402,0.76022,0.20021
21,ASASSN-15oh,0.01684,0.00011,0.01574,0.00011,34.07208,0.07063,34.41489,0.11947999999999999,10.270999999999999,0.12766,57255.97,0.25,0.11173,0.06658,1.9572,0.33825
22,ASASSN-15pm,0.048780000000000004,0.00015,0.04847,0.00015,36.56804,0.02339,36.516,0.11187000000000001,10.667,0.027652099999999995,57278.05,0.34,0.06445,0.04583,-0.60919,0.15955999999999998
23,ASASSN-15pn,0.038360000000000005,0.0,0.03961,0.0,36.115429999999996,0.027410000000000004,36.35798,0.11750999999999999,9.681000000000001,0.0810493,57279.33,0.5,0.09925,0.058429999999999996,-0.72348,0.17223
24,ASASSN-15pr,0.033089999999999994,0.00015,0.03313,0.00015,35.71696,0.034210000000000004,35.97063,0.12264000000000001,9.801,0.0294079,57281.63,0.92,0.08346,0.060239999999999995,0.18014000000000002,0.22475
25,ASASSN-15sf,0.02468,0.001,0.0244,0.001,35.03844,0.0995,35.24536,0.11305,9.365,0.0263781,57333.67,0.26,0.11880999999999999,0.054029999999999995,-0.93952,0.14278
26,ASASSN-15ss,0.03556,0.00011999999999999999,0.036019999999999996,0.00011999999999999999,35.903290000000005,0.031,35.90359,0.1156,11.072000000000001,0.19921,57338.34,0.58,0.06489,0.0466,-0.7275,0.15188
27,ASASSN-15tg,0.03562,5.9999999999999995e-05,0.03533,5.9999999999999995e-05,35.860170000000004,0.03095,35.8029,0.11249,10.172,0.024721599999999996,57361.64,0.48,0.07461,0.05271,-1.07107,0.16358
28,ASASSN-15ti,0.01732,5e-05,0.01647,5e-05,34.17175,0.06625,34.46468,0.11307,8.722000000000001,0.12944,57364.26,0.23,0.17814000000000002,0.0563,1.34623,0.15364
29,ASASSN-15tz,0.02286,2.9999999999999997e-05,0.02404,2.9999999999999997e-05,35.005559999999996,0.045239999999999995,34.8737,0.11957000000000001,10.359000000000002,0.14106,57376.01,0.29,0.45508000000000004,0.06972,1.41793,0.16044
30,ASASSN-15uu,0.02678,1e-05,0.026410000000000003,1e-05,35.21365,0.04112,35.17734,0.11367000000000001,9.74,0.058811300000000004,57390.19,0.45,0.34961,0.058370000000000005,-0.27241,0.15383
31,ASASSN-15uv,0.02028,2e-05,0.02169,2e-05,34.778290000000005,0.0501,34.78736,0.11385,9.77,0.0286457,57391.57,0.41,0.77149,0.06257,-0.62497,0.18634
32,ASASSN-15uw,0.03081,0.00015,0.03107,0.00015,35.57419,0.03648,35.486740000000005,0.11773,10.418,0.0231664,57393.62,0.33,0.27234,0.062310000000000004,0.75678,0.16271
33,ASASSN-16ad,0.016130000000000002,1e-05,0.01589,1e-05,34.092929999999996,0.06834,34.211890000000004,0.11433,9.457,0.0421356,57405.85,0.28,0.12122000000000001,0.05619,-0.35906,0.12737
34,ASASSN-16aj,0.030739999999999996,8e-05,0.030160000000000003,8e-05,35.50815,0.03646,35.4136,0.1148,10.751,0.028174400000000002,57401.82,0.3,0.06373999999999999,0.04742,2.35169,0.22371
35,ASASSN-16av,0.02567,7e-05,0.02758,7e-05,35.309709999999995,0.03975,35.35152,0.11834000000000001,10.767999999999999,0.0236045,57407.86,0.39,0.26873,0.06974,-0.3651,0.17731
36,ASASSN-16ay,0.028339999999999997,1e-05,0.028980000000000002,1e-05,35.419540000000005,0.037469999999999996,35.379670000000004,0.12352,10.615,0.059207,57417.03,0.77,0.7247600000000001,0.08245,-0.8863700000000001,0.17169
37,ASASSN-16bc,0.031939999999999996,0.00015,0.03319,0.00015,35.72099,0.03415,35.610640000000004,0.11045,10.460999999999999,0.0477731,57430.47,0.33,0.03245,0.027139999999999997,-0.87266,0.16127
38,ASASSN-16bq,0.02494,1e-05,0.02489,1e-05,35.08242,0.04363,35.2462,0.1081,10.795,0.0330339,57438.03,0.21,0.038669999999999996,0.029939999999999998,1.71652,0.16637000000000002
39,ASASSN-16br,0.02852,0.00015,0.03003,0.00015,35.49855,0.03775,35.475640000000006,0.11302999999999999,10.238,0.13795,57439.16,0.23,0.08985,0.045219999999999996,-0.8529100000000001,0.14015999999999998
40,ASASSN-16ch,0.026680000000000002,1e-05,0.02913,1e-05,35.431,0.03728,35.361,0.11595,10.331,0.0214876,57453.94,0.42,0.88277,0.06464,-0.14199,0.17414000000000002
41,ASASSN-16cs,0.018019999999999998,1e-05,0.018930000000000002,1e-05,34.47815,0.057370000000000004,34.56066,0.11369000000000001,9.517000000000001,0.11447,57464.23,0.28,0.20185999999999998,0.057929999999999995,-0.45426000000000005,0.13742000000000001
42,ASASSN-16ct,0.04191,4e-05,0.04365,4e-05,36.33285,0.02495,36.19404,0.11477000000000001,9.329,0.0456249,57460.36,0.42,0.15342,0.06207000000000001,-0.95985,0.17065999999999998
43,ASASSN-16db,0.03486,1e-05,0.03575,1e-05,35.886509999999994,0.03038,35.80021,0.11489,11.161,0.0226062,57465.84,0.22,0.25183,0.0684,0.81621,0.19910999999999998
44,ASASSN-16dw,0.03466,0.00015,0.0345,0.00015,35.807190000000006,0.03286,35.685559999999995,0.11912,10.35,0.0456106,57482.76,0.51,0.38249,0.06817000000000001,-0.20181,0.16442
45,ASASSN-16em,0.02302,9e-05,0.0239,9e-05,34.99265,0.04616,35.16901,0.1136,8.998,0.11700999999999999,57500.97,0.22,0.23084000000000002,0.05484,-0.79952,0.14149
46,ASASSN-16fo,0.0289,0.00021,0.03098,0.00021,35.56774,0.03801,35.464929999999995,0.10887999999999999,10.172,0.0268325,57539.79,0.6,0.04534,0.033139999999999996,-0.9444600000000001,0.17827
47,ASASSN-16fs,0.029210000000000003,1e-05,0.02914,1e-05,35.43176,0.03727,35.32918,0.11402999999999999,11.08,0.0278596,57543.31,0.28,0.0905,0.05632,1.4743,0.17059000000000002
48,ASASSN-16hc,0.05093,1e-05,0.05144,1e-05,36.70192,0.02111,36.657759999999996,0.11213,10.76,0.012484499999999999,57582.92,0.37,0.04348,0.033780000000000004,-1.23371,0.1764
49,ASASSN-16hr,0.030860000000000002,1e-05,0.030969999999999998,1e-05,35.56702,0.03506,35.65947,0.13264,10.045,0.10525999999999999,57595.77,0.49,0.21644000000000002,0.08591,-1.38834,0.18988
50,ASASSN-16hz,0.02531,0.00015,0.02481,0.00015,35.0753,0.045689999999999995,35.04626,0.11882000000000001,10.142000000000001,0.031173400000000004,57605.35,0.46,0.30258,0.06816,-0.17255,0.17632
51,ASASSN-16ip,0.01701,0.0001,0.017,0.0001,34.241409999999995,0.06513,34.25376,0.11494000000000001,9.953,0.016838,57619.16,0.2,0.10719000000000001,0.055760000000000004,0.9044399999999999,0.13827
52,ASASSN-16lg,0.021169999999999998,0.00011,0.0213,0.00011,34.738240000000005,0.05219,34.569959999999995,0.11317,10.640999999999998,0.0675076,57674.18,0.3,0.06937,0.05044,0.36482,0.18019000000000002
53,ASASSN-16oz,0.031,0.002,0.03184,0.002,35.628609999999995,0.1406,35.56718,0.10885999999999998,7.507000000000001,0.0468263,57750.1,0.32,0.05326,0.03611,-1.42228,0.17049
54,ASASSN-17aj,0.02128,0.00011,0.02255,0.00011,34.86415,0.0493,34.80191,0.11972999999999999,10.475999999999999,0.0359651,57772.4,0.28,0.26082,0.06713999999999999,-0.7045100000000001,0.16062
55,ASASSN-17at,0.02537,1e-05,0.02708,1e-05,35.26916,0.0401,35.333090000000006,0.11473,10.283,0.0236917,57777.5,0.31,0.05545,0.04215,1.45079,0.26708000000000004
56,ASASSN-17bs,0.0204,2e-05,0.02045,2e-05,34.6484,0.05313,34.57828,0.11731,10.735,0.07626319999999999,57791.26,0.31,0.24854,0.0595,0.9381,0.1719
57,ASASSN-17co,0.01826,0.00015,0.01845,0.00015,34.42157,0.061439999999999995,34.28427,0.11735,11.011,0.0907109,57808.14,0.4,0.3169,0.05852,0.27698,0.2129
58,ASASSN-17eb,0.04924,1e-05,0.05092,1e-05,36.67903,0.021330000000000002,36.495509999999996,0.1323,11.026,0.0354671,57836.28,1.0,0.2003,0.08288,1.00466,0.2444
59,AT2016bln,0.0233,2.9999999999999997e-05,0.023180000000000003,2.9999999999999997e-05,34.92503,0.046919999999999996,34.98845,0.1173,11.024000000000001,0.0250197,57499.25,0.33,0.2263,0.0603,-1.10911,0.14689000000000002
60,AT2016cor,0.04954,2.9999999999999997e-05,0.05097,2.9999999999999997e-05,36.68124,0.02134,36.60362,0.12072999999999999,10.289000000000001,0.0266385,57543.11,0.37,0.71134,0.07315,0.30998000000000003,0.22943000000000002
61,AT2016cvv,0.04457,0.0004,0.04431,0.0004,36.3665,0.03138,36.33717,0.12472000000000001,11.05,0.0886039,57558.8,0.59,0.35484,0.07649,-0.91517,0.17479
62,AT2016cvw,0.03888,9e-05,0.03859,9e-05,36.05712,0.028589999999999997,36.03358,0.12697,11.437000000000001,0.0679254,57559.94,0.4,0.12841,0.06594,1.8662900000000002,0.23499
63,AT2016cyt,0.030739999999999996,9e-05,0.030989999999999997,9e-05,35.568459999999995,0.0356,35.3377,0.11185999999999999,10.873,0.0716183,57580.75,0.19,0.05975,0.03857,1.6074700000000002,0.15758
64,AT2016eoa,0.02109,7e-05,0.02113,7e-05,34.72056,0.051879999999999996,34.65809,0.1143,11.542,0.060880899999999995,57615.4,0.21,0.13421,0.06091,1.76595,0.17326
65,AT2016ews,0.04555,1e-05,0.04649,1e-05,36.4743,0.02336,36.51339,0.11208,10.66,0.03806880000000001,57621.06,0.34,0.02516,0.02325,-1.0192,0.17826
66,AT2016fbk,0.03587,1e-05,0.03609,1e-05,35.90762,0.03009,35.93952,0.12168,11.277000000000001,0.0419285,57625.69,0.42,0.6298,0.06837,-0.63084,0.21234
67,AT2016gmg,0.04944,0.00011,0.04856,0.00011,36.57221,0.02289,36.671040000000005,0.12143,11.397,0.11756,57662.16,0.42,0.06423,0.04689,1.67135,0.27026
68,AT2016gsu,0.07642,5.9999999999999995e-05,0.07585,5.9999999999999995e-05,37.583420000000004,0.014419999999999999,37.56237,0.12571,10.369000000000002,0.0412907,57670.88,0.56,0.09769,0.06418,0.9460700000000001,0.29675
69,AT2016hns,0.038169999999999996,5.9999999999999995e-05,0.03717,5.9999999999999995e-05,35.97341,0.029419999999999998,36.01916,0.11355,10.609000000000002,0.0626788,57697.41,0.3,0.034,0.02855,0.70613,0.23039
70,AT2016htm,0.04331,0.00015,0.04283,0.00015,36.29035,0.02647,36.33875,0.11385,10.43,0.014586000000000002,57703.12,0.31,0.06187,0.04311,-0.1657,0.20298
71,AT2016htn,0.05312000000000001,0.00015,0.053029999999999994,0.00015,36.77055,0.02138,36.7973,0.12,10.74,0.0231814,57700.9,0.42,0.38529,0.0701,-0.26591,0.26252
72,AT2017cfb,0.0229,1e-05,0.02219,1e-05,34.82861,0.04894,34.88361,0.11009000000000001,9.793,0.028388999999999998,57836.8,0.3,0.05227999999999999,0.03795,-1.01465,0.14578
73,AT2017cfc,0.024030000000000003,0.00016,0.02416,0.00016,35.01658,0.04718,35.00179,0.10983,10.933,0.040091800000000004,57837.72,0.23,0.20915,0.056220000000000006,0.62622,0.14428
74,AT2017lm,0.030639999999999997,5.9999999999999995e-05,0.03055,5.9999999999999995e-05,35.53668,0.035789999999999995,35.53711,0.11612,10.11,0.058757500000000004,57779.59,0.4,0.13489,0.06602000000000001,-0.72616,0.35766
75,AT2017ns,0.02877,0.0004,0.028460000000000003,0.0004,35.37937,0.04886,35.37957,0.11145999999999999,10.255,0.0936689,57784.44,0.33,0.55432,0.06694,0.66087,0.25248000000000004
76,AT2017oz,0.055689999999999996,1e-05,0.05611,1e-05,36.89803,0.01935,36.96566,0.12040999999999999,10.036,0.0108363,57787.32,0.47,0.0944,0.056589999999999994,-0.52433,0.26757
77,AT2017po,0.031830000000000004,1e-05,0.03234,1e-05,35.66326,0.03358,35.55675,0.1221,9.682,0.0119043,57781.53,0.97,0.10575999999999999,0.06614,-0.98667,0.25471
78,AT2017wb,0.03065,8e-05,0.031180000000000003,8e-05,35.58204,0.03526,35.5808,0.11690999999999999,9.711,0.0212494,57790.04,0.26,0.29948,0.05682,-1.13733,0.13625
79,AT2017yk,0.046439999999999995,0.00015,0.04673,0.00015,36.485859999999995,0.02426,36.43934,0.12312999999999999,10.625,0.029528500000000003,57789.02,0.49,0.6259899999999999,0.07207000000000001,0.7417,0.29381
80,AT2017zd,0.02947,0.00015,0.0294,0.00015,35.45148,0.038560000000000004,35.36052,0.11582999999999999,10.113,0.0727505,57793.32,0.33,0.06911,0.0468,-0.50726,0.16447
81,ATLAS16bwu,0.0718,5.9999999999999995e-05,0.07236000000000001,5.9999999999999995e-05,37.47575,0.01511,37.38666,0.13274,10.193999999999999,0.0186687,57607.97,0.89,0.20349,0.07892,-0.4272,0.29608
82,ATLAS16cpu,0.01819,1e-05,0.01842,1e-05,34.41799,0.058960000000000005,34.81008,0.12154000000000001,10.277999999999999,0.024021200000000003,57629.44,0.68,0.14920999999999998,0.06838999999999999,-0.2178,0.23228000000000001
83,ATLAS16cxr,0.015519999999999999,0.001,0.01544,0.001,34.029790000000006,0.15724000000000002,34.23818,0.1095,8.271,0.11019000000000001,57666.38,0.31,0.48999,0.06212,-0.26168,0.14531
84,ATLAS16dpb,0.02308,2.9999999999999997e-05,0.0226,2.9999999999999997e-05,34.86905,0.04813,35.02463,0.13159,11.03,0.16072999999999998,57687.79,0.47,0.29616,0.10174,2.51323,0.19099000000000002
85,ATLAS16dqf,0.021169999999999998,0.00018,0.02008,0.00018,34.608129999999996,0.05747000000000001,34.73887,0.12838,6.768,0.060235699999999996,57702.76,0.5,0.41744,0.0907,-0.91848,0.18986
86,ATLAS17ajn,0.028710000000000003,2.9999999999999997e-05,0.02968,2.9999999999999997e-05,35.47252,0.03665,35.480740000000004,0.12108,10.624,0.0646491,57778.67,0.48,0.11275999999999999,0.06268,2.1167599999999998,0.15854000000000001
87,ATLAS17ajs,0.03265,1e-05,0.03395,1e-05,35.7714,0.03199,35.843540000000004,0.11535999999999999,10.125,0.0154495,57783.45,0.73,0.6573100000000001,0.06747,-1.0256399999999999,0.18298
88,ATLAS17axb,0.03165,0.0001,0.031310000000000004,0.0001,35.59129,0.03536,35.671859999999995,0.11167,9.904,0.09409930000000001,57797.02,0.41,0.04405,0.03394,-0.44273999999999997,0.17355
89,ATLAS17bas,0.02222,1e-05,0.02278,1e-05,34.88657,0.04767,34.60926,0.11364,10.323,0.0196324,57813.16,0.33,0.19263,0.05747000000000001,-0.61292,0.15471
90,Gaia16acv,0.07772000000000001,0.0001,0.07833999999999999,0.0001,37.65739,0.014130000000000002,37.77132,0.11737,9.162,0.0102858,57435.77,0.47,0.04651,0.03744,-0.60685,0.2325
91,Gaia16aki,0.07363,1e-05,0.07386000000000001,1e-05,37.52262,0.0147,37.534420000000004,0.12002,10.179,0.036789999999999996,57491.51,0.67,0.11582999999999999,0.06256,-0.74133,0.21073000000000003
92,AT2016aj,0.06741,5e-05,0.06845,5e-05,37.349059999999994,0.01594,37.21776,0.13595,10.719000000000001,0.041363,57442.92,0.52,0.2132,0.08909,0.71608,0.28994000000000003
93,MASTERJ0134,0.04485,4e-05,0.04339,4e-05,36.31946,0.0251,36.24883,0.11938,9.81,0.017611500000000002,57666.04,0.81,0.10520999999999998,0.06254,-0.49318999999999996,0.19328
94,PS15ahs,0.025509999999999998,4e-05,0.02529,4e-05,35.117709999999995,0.04307,35.19122,0.11233,10.068,0.0308673,57156.6,0.26,0.06251,0.04152,-0.35003,0.14439000000000002
95,PS15aii,0.04655,1e-05,0.047580000000000004,1e-05,36.52637,0.02282,36.51229,0.11739000000000001,10.875,0.022432,57159.53,0.29,0.17312,0.061070000000000006,-0.49566000000000004,0.16834000000000002
96,PS15atx,0.07188,0.00027,0.0731,0.00027,37.49899,0.016880000000000003,37.69726,0.12359,10.564,0.10590999999999999,57191.2,1.09,0.035539999999999995,0.032510000000000004,0.06745,0.43843999999999994
97,PS15bbn,0.0371,0.00011999999999999999,0.036019999999999996,0.00011999999999999999,35.903290000000005,0.031,36.14713,0.10864000000000001,8.23,0.07121799999999999,57212.59,0.26,0.04605,0.03331,-0.9782200000000001,0.14578
98,PS15bdr,0.07096000000000001,1e-05,0.0713,1e-05,37.44207,0.01523,37.43099,0.12788,11.079,0.013788499999999999,57215.86,0.35,0.10587,0.06354,1.7824900000000001,0.24297
99,PS15bif,0.07937000000000001,0.00027,0.07829,0.00027,37.65593,0.01576,37.584590000000006,0.12589,9.894,0.060912,57233.9,0.43,0.13698,0.06963,-0.45455,0.28591
100,PS15bjg,0.06888999999999999,1e-05,0.06766,1e-05,37.32262,0.01605,37.36972,0.1176,11.607999999999999,0.0792819,57239.04,0.33,0.09742,0.06529,0.6994,0.24661999999999998
101,PS15brr,0.0518,9e-05,0.05053,9e-05,36.66171,0.021830000000000002,36.63902,0.11024,10.156,0.0276298,57260.09,0.52,0.04286,0.03561,-0.92205,0.2265
102,PS15bsq,0.0343,2e-05,0.03405,2e-05,35.77795,0.03191,35.83533,0.11112999999999999,10.960999999999999,0.029599,57262.56,0.31,0.03683,0.030410000000000003,-0.7447699999999999,0.14465
103,PS15bzz,0.08023999999999999,1e-05,0.07948,1e-05,37.690509999999996,0.01366,37.56041,0.12729000000000001,9.592,0.0172497,57285.07,0.66,0.15947999999999998,0.07392,0.60828,0.27296
104,PS15cku,0.02327,7e-05,0.02327,7e-05,34.9336,0.04711,35.02357,0.11629,9.576,0.022645,57320.14,0.31,0.23721,0.06287000000000001,-0.6824,0.15724000000000002
105,PS15cms,0.06479,2.9999999999999997e-05,0.06638,2.9999999999999997e-05,37.27916,0.016390000000000002,37.17674,0.1197,10.694,0.0224483,57326.88,0.5,0.25246,0.0756,-1.03312,0.19667
106,PS15coh,0.01884,7e-05,0.018580000000000003,7e-05,34.43704,0.05901,34.4287,0.11549000000000001,8.63,0.11837,57330.02,0.38,0.11599000000000001,0.05524,-0.97383,0.1227
107,PS15cwx,0.030060000000000003,0.00011,0.030989999999999997,0.00011,35.568459999999995,0.03587,35.461420000000004,0.11572,10.24,0.14867,57347.55,0.58,0.04353,0.03422,0.94053,0.27747
108,PS15cze,0.03937,2e-05,0.04086,2e-05,36.18492,0.02659,36.26169,0.12072000000000001,10.624,0.18479,57364.92,0.33,0.38452,0.07301,1.631,0.24745999999999999
109,PS15mt,0.07085,9e-05,0.0714,9e-05,37.44526,0.01545,37.55625,0.11632,8.856,0.021172200000000002,57106.16,0.37,0.06546,0.04179,-1.33019,0.20392000000000002
110,PS16aer,0.055470000000000005,1e-05,0.057170000000000006,1e-05,36.94035,0.019,36.94011,0.11765999999999999,11.03,0.020118,57434.15,0.32,0.32386,0.07209,-0.25921,0.27176
111,PS16axi,0.0393,1e-05,0.04002,1e-05,36.13845,0.027139999999999997,36.069559999999996,0.11977,10.835999999999999,0.033831099999999996,57462.14,0.58,0.21846999999999997,0.07742,0.61314,0.20795999999999998
112,PS16ayd,0.054000000000000006,1e-05,0.05471,1e-05,36.84095,0.01985,36.880829999999996,0.11445,10.668,0.0417231,57461.27,0.4,0.03267,0.02755,-1.1781,0.17997
113,PS16bby,0.05343,8e-05,0.055220000000000005,8e-05,36.8619,0.01991,36.784259999999996,0.11723,10.908,0.0992413,57466.93,0.36,0.16557,0.06261,0.88987,0.24606999999999998
114,PS16bnz,0.0627,0.00021,0.06434,0.00021,37.20819,0.0183,37.089890000000004,0.11675,11.244000000000002,0.0379398,57487.54,0.31,0.03557,0.03048,0.69991,0.24051999999999998
115,PS16ccn,0.02431,0.00016,0.024569999999999998,0.00016,35.0538,0.0464,35.116479999999996,0.11335,8.169,0.05777569999999999,57509.24,0.34,0.03866,0.030719999999999997,-0.28988,0.13915
116,PS16cqa,0.04386,1e-05,0.0454,1e-05,36.42103,0.02392,36.61635,0.14326,11.196,0.033960199999999996,57543.47,0.77,0.42435,0.12485999999999998,2.31299,0.294
117,PS16cvc,0.029539999999999997,9e-05,0.02961,9e-05,35.46728,0.03726,35.58849,0.1146,8.919,0.0823755,57564.77,0.45,0.10873,0.05691,-0.89313,0.16395
118,PS16dnp,0.05127,2.9999999999999997e-05,0.05013,2.9999999999999997e-05,36.643809999999995,0.0217,36.77243,0.1243,8.353,0.0790465,57599.64,0.57,0.13627,0.07447000000000001,-0.59827,0.22721
119,PS16el,0.047810000000000005,1e-05,0.04947,1e-05,36.61398,0.02195,36.53125,0.1189,10.48,0.0333659,57395.01,0.42,0.23913,0.07368,0.32445999999999997,0.18781
120,PS16em,0.06982000000000001,0.00016999999999999999,0.07097,0.00016999999999999999,37.43148,0.01616,37.515609999999995,0.1805,10.399000000000001,0.0366953,57385.92,1.42,0.36143000000000003,0.17884,0.65169,0.31685
121,PS16evk,0.054470000000000005,1e-05,0.05271,1e-05,36.7569,0.0206,36.69927,0.12425,10.308,0.061359500000000004,57696.77,0.64,0.30841999999999997,0.08503,-0.85052,0.26169000000000003
122,PS16fa,0.046110000000000005,1e-05,0.04705,1e-05,36.5012,0.02308,36.60752,0.11575999999999999,10.834000000000001,0.0218181,57400.14,0.41,0.18219000000000002,0.06027999999999999,0.32495999999999997,0.18731
123,PS16fbb,0.0525,0.0001,0.05122,0.0001,36.69226,0.02162,36.73749,0.11442000000000001,9.505,0.0176234,57719.75,0.47,0.0417,0.03321,-0.34426999999999996,0.26324000000000003
124,PS16n,0.05272999999999999,2e-05,0.05321,2e-05,36.7782,0.020419999999999997,36.84649,0.12539,10.39,0.06588939999999999,57391.94,0.44,0.08938,0.0623,-0.24494000000000002,0.23820999999999998
125,PS17akj,0.046810000000000004,1e-05,0.047889999999999995,1e-05,36.54097,0.022680000000000002,36.482859999999995,0.11721,8.978,0.0442696,57799.13,0.35,0.1054,0.05744,-0.88,0.18834
126,PS17bii,0.07339,2e-05,0.07421,2e-05,37.533429999999996,0.01464,37.33376,0.12507000000000001,10.873,0.0661965,57812.12,0.5,0.08224,0.05947,0.84826,0.29756
127,PS17tn,0.0447,1e-05,0.04618,1e-05,36.459270000000004,0.02352,36.37516,0.11525999999999999,10.464,0.0145025,57785.43,0.29,0.24345,0.06368,0.33952,0.18648
128,PSNJ0107203,0.01701,4e-05,0.01736,4e-05,34.28752,0.06274,33.91708,0.10935999999999998,11.043,0.059559400000000005,57352.01,0.19,0.03804,0.0292,2.07311,0.16017
129,PSNJ0153424,0.02565,1e-05,0.02557,1e-05,35.14208,0.04247,35.116240000000005,0.1071,10.651,0.046580300000000005,57394.02,0.22,0.35148,0.060079999999999995,0.45912,0.13085
130,PSNJ0252467,0.028089999999999997,2.9999999999999997e-05,0.028030000000000003,2.9999999999999997e-05,35.3456,0.0388,35.500409999999995,0.10935999999999998,10.842,0.17,57290.45,0.39,0.07806,0.049760000000000006,-0.6182300000000001,0.1566
131,PSNJ0859349,0.02812,1e-05,0.02918,1e-05,35.4348,0.037219999999999996,35.53717,0.11345999999999999,10.65,0.0208491,57098.04,0.51,0.22651999999999997,0.060860000000000004,0.41485,0.18172
132,PSNJ1204051,0.04385,1e-05,0.04539,1e-05,36.42053,0.02392,36.49113,0.1186,10.6,0.027014799999999995,57170.03,0.39,0.15367999999999998,0.06261,-1.12245,0.1808
133,PSNJ1602512,0.02025,0.00013000000000000002,0.0203,0.00013000000000000002,34.63216,0.055260000000000004,34.76052,0.11509000000000001,11.74,0.0145255,57171.73,0.21,0.39695,0.055760000000000004,-0.9452299999999999,0.1513
134,PTSS17-niq,0.06828,1e-05,0.06919,1e-05,37.37356,0.0157,37.299609999999994,0.12902,10.776,0.020456000000000002,57843.18,0.58,0.11964000000000001,0.0672,0.42522,0.26229
135,SN2016aqb,0.06289,4e-05,0.06392,4e-05,37.19331,0.01704,36.993790000000004,0.11524000000000001,10.397,0.0323366,57451.04,0.36,0.06971000000000001,0.04282,-0.76753,0.19785999999999998
136,SN2016ayg,0.04269,0.00011999999999999999,0.0434,0.00011999999999999999,36.31998,0.025730000000000003,36.35481,0.11515999999999998,8.482000000000001,0.0420161,57467.35,0.35,0.14423,0.06302,-0.22675,0.19230999999999998
137,SN2016esh,0.04457,2.9999999999999997e-05,0.045860000000000005,2.9999999999999997e-05,36.443659999999994,0.023719999999999998,36.3131,0.11962,9.776,0.0306493,57612.99,0.37,0.03898,0.03273,0.32234,0.28303
138,SN2016gfr,0.01669,0.00011999999999999999,0.016919999999999998,0.00011999999999999999,34.23104,0.06599,34.092729999999996,0.10867,9.783999999999999,0.11479,57657.37,0.32,0.07216,0.04715,-0.52746,0.15739
139,SN2016gmb,0.05827,8e-05,0.05867000000000001,8e-05,36.99896,0.01874,36.99788,0.11815999999999999,9.64,0.029260400000000006,57657.46,0.72,0.04198,0.035710000000000006,-0.9606,0.21059
140,SN2016hhv,0.061939999999999995,0.00014,0.061189999999999994,0.00014,37.09424,0.018430000000000002,37.173320000000004,0.1263,11.495999999999999,0.051069300000000005,57692.34,1.13,0.06681000000000001,0.0564,0.02597,0.49513
141,SN2016hpx,0.03337,0.00045999999999999996,0.03242,0.00045999999999999996,35.66876,0.04551,35.60805,0.11785,9.895,0.0245107,57703.38,0.43,0.16745,0.07137,-0.77636,0.18219000000000002
142,SN2016ixf,0.06602000000000001,0.00011,0.06709,0.00011,37.30337,0.016569999999999998,37.375440000000005,0.11762,7.832999999999999,0.0293128,57743.24,0.91,0.04652,0.03879,-0.56857,0.24620999999999998
143,SN2017cii,0.03324,1e-05,0.03275,1e-05,35.69129,0.03316,35.78165,0.11697,9.705,0.057991499999999994,57837.14,0.59,0.10255,0.06023,-0.64683,0.15645
144,SN2017ciy,0.03765,0.00105,0.03843,0.00105,36.04784,0.06571,36.01274,0.11764000000000001,10.215,0.055229999999999994,57841.41,0.68,0.55601,0.07339,-0.45169,0.16595
145,SN2017cjv,0.05952999999999999,0.00014,0.06076,0.00014,37.07826,0.01856,36.95641,0.11664000000000001,10.636,0.02597,57840.78,0.37,0.03578,0.03088,1.60893,0.27537
146,SN2017ckx,0.027160000000000004,1e-05,0.0282,1e-05,35.35901,0.03851,35.3713,0.11885,10.482000000000001,0.029411400000000004,57847.2,0.43,0.23968000000000003,0.06624,-1.1308,0.21791999999999997
147,SN2017coa,0.04,0.003,0.04092,0.003,36.1882,0.16139,36.35106,0.11965,7.575,0.0556855,57848.65,0.49,0.17432999999999998,0.06752000000000001,-0.80497,0.21358000000000002
148,SN2017cpu,0.0544,1e-05,0.05499,1e-05,36.852470000000004,0.01975,36.702020000000005,0.11119000000000001,10.709000000000001,0.023768900000000003,57847.53,0.82,0.036860000000000004,0.03175,-0.87508,0.25138
149,SN2017hn,0.02385,1e-05,0.02507,1e-05,35.09837,0.04332,35.06367,0.11867,10.577,0.0283978,57768.27,0.44,0.10443,0.05439,-0.58439,0.16707
150,SN2017jl,0.01633,0.00044,0.01592,0.00044,34.09707,0.09085,33.877,0.11562,9.155,0.06320049999999999,57784.8,0.26,0.15319000000000002,0.05761,-0.8215100000000001,0.18291
151,SN2017mf,0.02561,1e-05,0.025769999999999998,1e-05,35.15933,0.04214,35.192820000000005,0.12658,11.077,0.00942173,57778.42,0.52,0.2262,0.07073,-0.18939,0.18796
152,SN2017ms,0.024480000000000002,1e-05,0.0256,1e-05,35.14467,0.04242,35.2293,0.11531,9.415,0.00854963,57782.51,0.46,0.03734,0.03225,-0.94224,0.29872
153,iPTF16auf,0.015019999999999999,0.0,0.015319999999999999,0.0,34.01265,0.07087,34.06177,0.11485,9.067,0.013077200000000002,57537.61,0.23,0.31222,0.05946,-0.01168,0.14445
154,Gaia16bba,0.03046,9e-05,0.029789999999999997,9e-05,35.48073,0.03703,35.413759999999996,0.12272999999999999,8.651,0.040005599999999995,57625.65,1.1,0.12014000000000001,0.07263,-0.48731,0.20765
155,PSNJ2352371,0.02648,1e-05,0.026019999999999998,1e-05,35.1807,0.04174,35.253029999999995,0.11822,10.850999999999999,0.0355061,57285.49,0.36,0.21073000000000003,0.06362999999999999,2.5718099999999997,0.17325
156,PTSS-16efw,0.03557,2e-05,0.035769999999999996,2e-05,35.88776,0.03038,35.98802,0.1267,10.739,0.17693,57509.1,0.38,0.13823,0.07326,0.23886,0.16615
